226
33
19
28
110
181
202
98
194
61
240
243
74
208
101
51
167
84
156
20
17
182
79
153
140
228
111
239
232
3
87
86
33
197
80
192
252
207
119
150
150
52
176
80
93
25
74
65
151
27
0
141
88
170
205
97
100
212
211
142
2
91
10
114
71
25
225
157
169
41
57
221
240
25
123
197
169
6
251
17
60
252
125
125
224
136
170
109
228
154
250
13
170
242
20
166
252
66
117
48
191
52
212
113
58
53
219
69
33
105
94
216
168
119
224
118
172
247
164
66
46
56
113
203
255
74
201
146
62
215
101
82
171
60
64
148
30
113
180
124
133
176
90
15
226
183
85
2
91
151
86
56
71
246
209
133
25
147
182
125
111
115
162
35
177
193
154
143
20
234
182
53
102
88
145
237
37
111
227
107
40
53
42
42
118
183
90
208
29
248
64
114
180
207
44
91
194
192
31
74
201
137
227
40
200
239
97
5
136
89
38
5
221
232
70
72
100
241
109
225
101
177
17
3
141
251
83
239
41
203
128
215
38
194
179
103
51
171
74
244
231
204
83
48
52
238
141
3
251
161
193
244
184
139
231
111
179
239
78
96
25
244
17
28
135
208
137
101
83
20
28
25
190
89
0
223
192
135
182
53
101
69
80
191
94
119
16
145
212
214
132
147
245
75
130
234
143
195
59
52
152
188
155
101
55
225
209
75
110
213
175
3
168
168
80
98
226
168
23
246
159
216
21
196
42
52
33
163
183
46
158
242
208
185
89
16
248
75
45
1
155
17
231
181
222
51
243
190
176
127
251
136
229
202
115
86
203
197
67
243
171
30
193
82
249
215
206
90
208
72
41
35
127
32
154
251
212
127
68
223
26
122
115
217
69
174
79
149
139
184
119
15
221
40
41
2
134
127
139
217
123
161
120
53
56
245
77
198
124
30
181
208
62
163
91
198
61
166
249
158
162
177
80
105
103
137
38
241
244
31
143
201
92
198
190
230
13
0
255
24
43
214
79
23
156
98
200
38
180
60
120
141
27
5
47
12
222
198
164
127
40
55
198
157
157
215
158
162
60
205
100
54
214
163
31
46
52
176
221
217
86
20
38
132
154
37
206
23
187
246
231
76
112
136
124
136
195
106
77
15
182
230
0
69
191
38
8
33
214
236
46
253
19
139
143
114
95
223
66
61
108
224
102
217
25
203
156
25
62
111
56
163
207
205
52
204
135
23
248
196
169
246
134
136
96
217
79
160
128
167
125
28
30
126
23
169
79
193
93
238
117
4
228
27
205
30
143
94
197
252
205
44
167
8
95
89
146
247
54
28
160
2
157
143
21
27
101
214
68
247
24
23
173
183
231
13
83
117
148
82
213
205
237
73
250
69
74
126
40
239
80
79
35
249
229
77
17
86
197
19
33
32
9
196
77
188
68
44
178
200
136
114
216
90
68
148
67
23
82
194
61
140
56
101
206
180
182
71
171
16
176
167
9
31
253
67
103
144
204
98
119
37
12
135
45
139
14
214
213
133
150
252
183
160
168
156
159
72
181
78
64
157
216
215
39
134
250
169
90
234
6
82
236
7
41
10
126
56
207
124
102
132
245
243
137
225
249
131
76
236
145
135
220
61
1
79
79
133
27
98
71
234
210
131
64
49
174
220
178
156
87
193
239
97
14
179
194
87
123
132
244
98
84
10
102
246
221
87
234
29
220
178
141
246
154
207
67
38
207
228
22
19
91
131
22
179
119
97
64
149
103
200
88
54
113
121
217
93
166
238
74
215
74
86
88
21
84
80
179
244
64
176
134
75
197
168
156
1
130
149
110
181
3
170
107
157
198
153
190
21
83
113
3
44
185
17
231
69
37
151
215
67
140
155
244
92
127
179
7
7
199
135
30
248
220
223
232
241
72
163
206
216
201
166
242
157
79
135
23
204
27
10
57
36
124
89
244
235
14
51
40
139
236
254
118
222
57
191
73
4
28
107
201
126
72
237
60
168
242
103
47
84
153
127
3
101
152
27
206
105
148
52
252
192
132
151
247
219
118
127
228
131
82
118
24
148
135
174
100
247
181
101
12
35
222
52
181
221
104
42
81
229
61
162
162
83
30
201
72
16
193
90
200
47
159
174
48
152
97
121
114
63
19
170
6
122
249
212
15
194
141
42
244
10
16
48
219
69
83
167
104
27
161
190
31
227
136
151
138
55
191
186
82
160
244
11
146
77
79
205
141
16
130
237
90
201
18
209
41
177
123
94
160
187
189
229
196
191
27
92
